1037441240
855190687
81827038
877493586
1264495953
885311359
1661304297
2106425032
1417592029
1285651585
2113216628
1747312710
245844245
145688887
461766229
2046594192
863010945
520400777
1822448455
331926024
1665654109
51787671
664509462
1495563434
1786030750
292397484
881929252
652806770
229430867
1311435304
1668485167
388739243
895202927
405163207
2054859059
184193559
1217210786
732458980
1061812256
289480022
1240269299
1729830511
627785291
600228126
1303423723
161829414
1152663996
373801185
1086848820
172216358
1779856397
1746745316
1447071522
678767979
620290189
1331583985
1004950508
244304301
33653843
831940140
151907363
1896477305
1141776361
2068913382
171999050
275044488
1287901472
1272361791
2089948158
1516161174
79896116
636742237
815764258
1014281758
308316820
2753529
1181405316
245345850
359098710
942970900
82601440
1007966118
1535537690
1470969831
758205353
2136890220
197415112
93552769
383358979
663419053
