1037357205
1590298089
558511261
247742590
1986402244
681738646
1156166577
1259621583
566153355
1986881275
142878075
465089179
2060840020
1921957324
2035209941
653948971
99050251
437742132
2000521549
1761696611
1477899888
1267556414
782871858
95012237
1290317538
1076993760
2041947404
73856321
57639081
224909570
483924270
794634701
224619014
2043000519
593690950
954772688
866756832
1200497823
1158047596
661653211
735193111
1917195386
1458212914
1101066034
750247239
1528854336
812988797
1611748965
306131497
1928735514
2139615980
912106845
