1045458179
304414699
991798939
396699759
1543609225
1837788815
459318904
1716592210
1469959672
960332216
1963947107
1235372959
1041422717
1199881569
1538084853
1331465432
1159913884
1963584569
1584647734
82275244
1968040887
1320056715
539651848
1105168055
973437482
1033337128
596857007
479601512
1156484993
168788354
2147451638
1609508384
1303392276
1780783332
145872685
1403375568
720276375
319716486
470895408
861883061
891407212
1035090612
2891537
1353422125
818865851
1603147781
1774920005
385183558
1264347248
533510071
959537072
1484863781
198105480
959149510
1413560188
94492955
1152679552
635250877
1520280502
593965108
1267578900
1160794060
1724317072
305212839
1521236037
1621256324
1182524332
1872778586
121880823
1899076570
1877950276
1143128773
1176581749
780033867
1789021381
1163808820
853780864
