1035928610
1202222041
72208464
279393893
1373907309
1515969819
1158759925
1896348479
1124081426
1022884123
1006861026
142125622
703513490
2053749695
866465634
601300331
2144103982
1180028814
732796853
297992826
433561778
460788575
647548943
2055445652
1453127522
1530228570
287419518
969116923
1432146013
1081324915
1821225491
1252406546
1709594375
1968947412
1523636861
1169715999
1351490555
567223566
646564729
546146483
738832503
807430967
543096976
1025375882
2083665246
1145957893
1480961355
1182024755
2066322535
1724790108
1813077950
1755638367
588724389
1233644194
2050840420
1362404590
1463299816
697282068
401455197
2011360752
1400071437
1022321480
140454713
537833338
606241543
1439191833
1388821070
915964247
1448317633
147319086
2090717058
1554161592
950278283
491219642
1001384026
431983443
1850999641
1302855845
1354922103
259192333
1148704615
400477775
616214727
1554770855
452743289
721896902
1786110011
1624537111
488136619
724623993
375688214
589890518
1505421474
2113868211
1961049956
1935079983
1396924113
1812338187
59859861
1042337031
1534371438
1197125290
310460287
1668265046
984132890
402433036
1266031649
925950267
1779631307
111141333
1789094488
245034522
1569059955
91478525
2028762070
1806247071
765688305
1201329311
100480883
860054039
215805516
2090911276
