1037374012
1872773338
33677687
1232686248
983027527
1151949918
1257194121
569988814
2024931278
1846635337
966442515
1580527344
1697840865
1996200366
2534281
1791471474
1540332578
454273861
676416742
1905239223
226960544
594905936
2047689567
2093109394
959963451
61081046
91956856
1478136599
950990897
1730704905
291339720
283958880
788232526
2144929786
26931113
1659650321
77854164
677393325
1138800528
1446212032
1265705078
1879722411
862630660
571401723
1889077
1684946081
21930378
1364159409
891771691
718438224
1638167334
1938027998
1552088337
464819850
1829194811
2048781672
1120765306
1123430105
813550311
311696528
970931063
1857625935
1001829459
1475924933
