1037474854
1420141185
1179643537
699897255
1405230166
1825733903
1863359385
727159494
40180581
1005159709
1612861861
1830705393
1667329582
294174971
691382203
26671904
1598091952
553464235
1321722488
619011248
1311259068
853970362
1046661233
1196790454
1125322576
408055703
1276915450
1313883679
2016134499
28058680
1283316067
1514871248
2022429951
609021741
921339385
1593948825
1786889097
1833733631
1023318120
1858597664
153809586
1654884561
1584104430
1688383151
1954191046
474012904
1718030805
2026105720
110645561
2046589072
776959105
1651103975
320821291
1859483867
15837878
2046726965
947043109
1952225046
1791189256
1092061946
1889879160
1915902990
1211749812
1291665783
114627358
249174547
283499779
1662056607
1865597320
1832911040
82933065
139136552
2005821528
644130490
436080903
1997533157
927916148
460454922
1482293913
2103490591
1490566023
1546406306
1603688948
132895539
192331093
545791316
1211991675
1061689930
381030587
184840355
1350492923
979891718
2135499230
441366299
634870555
1570659589
1206723399
564604725
1728860629
1506847693
314527180
1301058993
1220001597
